15
28
1 1 1 1 1 1 1 1 1 1 1 1 1 1 1 1 1 1 1 1 1 3 2 2 2 2 2 2
1 0 0 0 5 7 0 0 6 6 0 0 0 5 0 5 5 5 0 0 1 3 2 2 2 2 2 2
1 0 1 0 1 0 1 0 1 0 1 0 1 0 1 0 1 0 1 0 1 3 2 2 2 2 2 2
1 0 0 0 0 0 7 0 0 7 0 6 5 0 5 0 7 7 0 0 1 3 2 2 2 2 2 2
1 6 1 0 1 0 1 0 1 0 1 7 1 0 1 0 1 0 1 0 1 3 2 2 2 2 2 2
1 0 0 0 5 0 5 0 7 0 6 0 0 5 0 6 0 5 0 6 1 3 2 2 2 2 2 2
1 6 1 0 1 0 1 0 1 5 1 0 1 7 1 0 1 0 1 0 1 3 2 2 2 2 2 2
1 0 0 5 0 0 6 0 0 0 0 0 5 0 0 7 0 0 6 0 1 3 2 2 2 2 2 2
1 0 1 0 1 7 1 0 1 0 1 0 1 0 1 0 1 0 1 0 1 3 2 2 2 2 2 2
1 0 6 0 5 0 7 7 0 5 0 7 0 6 0 5 0 0 6 0 1 3 2 2 2 2 2 2
1 0 1 0 1 7 1 0 1 0 1 0 1 6 1 0 1 0 1 5 1 3 2 2 2 2 2 2
1 0 0 5 0 0 0 0 5 0 7 0 6 0 7 0 5 0 7 0 1 3 2 2 2 2 2 2
1 1 1 1 1 1 1 1 1 1 1 1 1 1 1 1 1 1 1 1 1 3 2 2 2 2 2 2
3 3 3 3 3 3 3 3 3 3 3 3 3 3 3 3 3 3 3 3 3 3 2 2 2 2 2 2
2 2 2 2 2 2 2 2 2 2 2 2 2 2 2 2 2 2 2 2 2 2 2 2 2 2 2 2